0.00001165 
0.99925798 
0.00000879 
0.00124692 
0.00000064 
0.00001881 
0.00000701 
0.00000942 
0.00007549 
0.00000139 
0.00001927 
0.00000303 
0.00000341 
0.00003235 
0.00000737 
0.00002066 
0.00001295 
0.00000454 
0.00002505 
0.00000249 
0.00000226 
0.00000041 
0.00000301 
0.00000051 
0.00003181 
0.00092403 
0.00000409 
0.00001457 
0.00019428 
0.00000212 
0.00004685 
0.00000134 
0.00000245 
0.00000733 
0.00000448 
0.00000176 
0.00001265 
0.00000762 
0.00004817 
0.00000599 
0.00000226 
0.00000028 
0.00000502 
0.00000036 
0.00000341 
0.00000007 
0.00015369 
0.00000077 
0.00000002 
0.00000343 
0.00000570 
0.00000851 
0.00000004 
0.00000105 
0.00000039 
0.00000002 
0.00011100 
0.00003090 
0.00017968 
0.00004313 
0.00001186 
0.00000064 
0.00000048 
0.00000001 
0.00000066 
0.00000073 
0.00000175 
0.00000006 
0.00000035 
0.00001174 
0.00000216 
0.00000174 
0.00001877 
0.00000347 
0.00004059 
0.00001975 
0.00002500 
0.00000022 
0.00001408 
0.00001713 
